# nothing

[/tmp/zathura.stdin.44H53Z]
page=0
offset=0
zoom=1.0217292231263504
rotate=0
pages-per-row=1
first-page-column=1:2
page-right-to-left=false
position-x=0.5
position-y=0.13213317847464195
time=1562258240
jumplist=
